 Photon   	Incoher.	Photoel.	Nuclear 	Tot. wo/	
Energy   	Scatter.	Absorb. 	Pr. Prd.	Coherent	

1.000E-03	1.146E-02	3.378E+03	0.000E+00	3.378E+03	
1.500E-03	2.078E-02	1.161E+03	0.000E+00	1.161E+03	
2.000E-03	3.012E-02	5.317E+02	0.000E+00	5.318E+02	
2.145E-03	3.278E-02	4.380E+02	0.000E+00	4.380E+02	
2.145E-03	3.278E-02	1.496E+03	0.000E+00	1.496E+03	
3.000E-03	4.741E-02	6.567E+02	0.000E+00	6.567E+02	
4.000E-03	6.193E-02	3.040E+02	0.000E+00	3.041E+02	
4.038E-03	6.243E-02	2.962E+02	0.000E+00	2.963E+02	
4.038E-03	6.243E-02	5.283E+02	0.000E+00	5.284E+02	
5.000E-03	7.385E-02	3.022E+02	0.000E+00	3.023E+02	
6.000E-03	8.368E-02	1.841E+02	0.000E+00	1.842E+02	
8.000E-03	9.891E-02	8.297E+01	0.000E+00	8.307E+01	
1.000E-02	1.102E-01	4.404E+01	0.000E+00	4.415E+01	
1.500E-02	1.288E-01	1.353E+01	0.000E+00	1.366E+01	
2.000E-02	1.395E-01	5.746E+00	0.000E+00	5.886E+00	
3.000E-02	1.492E-01	1.677E+00	0.000E+00	1.826E+00	
4.000E-02	1.521E-01	6.899E-01	0.000E+00	8.420E-01	
5.000E-02	1.522E-01	3.440E-01	0.000E+00	4.962E-01	
6.000E-02	1.509E-01	1.941E-01	0.000E+00	3.450E-01	
8.000E-02	1.466E-01	7.822E-02	0.000E+00	2.248E-01	
1.000E-01	1.415E-01	3.857E-02	0.000E+00	1.800E-01	
1.500E-01	1.294E-01	1.069E-02	0.000E+00	1.401E-01	
2.000E-01	1.193E-01	4.347E-03	0.000E+00	1.237E-01	
3.000E-01	1.043E-01	1.267E-03	0.000E+00	1.056E-01	
4.000E-01	9.368E-02	5.520E-04	0.000E+00	9.423E-02	
5.000E-01	8.566E-02	3.006E-04	0.000E+00	8.596E-02	
6.000E-01	7.928E-02	1.883E-04	0.000E+00	7.947E-02	
8.000E-01	6.970E-02	9.553E-05	0.000E+00	6.980E-02	
1.000E+00	6.270E-02	5.939E-05	0.000E+00	6.276E-02	
1.022E+00	6.204E-02	5.615E-05	0.000E+00	6.210E-02	
1.250E+00	5.607E-02	3.804E-05	3.654E-05	5.615E-02	
1.500E+00	5.097E-02	2.750E-05	1.962E-04	5.120E-02	
2.000E+00	4.350E-02	1.708E-05	7.703E-04	4.429E-02	
2.044E+00	4.296E-02	1.651E-05	8.300E-04	4.381E-02	
3.000E+00	3.423E-02	9.378E-06	2.178E-03	3.643E-02	
4.000E+00	2.856E-02	6.363E-06	3.513E-03	3.212E-02	
5.000E+00	2.466E-02	4.788E-06	4.698E-03	2.946E-02	
6.000E+00	2.179E-02	3.829E-06	5.760E-03	2.771E-02	
7.000E+00	1.959E-02	3.185E-06	6.703E-03	2.650E-02	
8.000E+00	1.783E-02	2.724E-06	7.554E-03	2.564E-02	
9.000E+00	1.639E-02	2.379E-06	8.325E-03	2.502E-02	
1.000E+01	1.518E-02	2.110E-06	9.023E-03	2.456E-02	
1.100E+01	1.416E-02	1.896E-06	9.657E-03	2.421E-02	
1.200E+01	1.328E-02	1.721E-06	1.024E-02	2.395E-02	
1.300E+01	1.251E-02	1.575E-06	1.078E-02	2.376E-02	
1.400E+01	1.184E-02	1.452E-06	1.128E-02	2.363E-02	
1.500E+01	1.124E-02	1.347E-06	1.175E-02	2.353E-02	
1.600E+01	1.070E-02	1.256E-06	1.219E-02	2.347E-02	
1.800E+01	9.782E-03	1.106E-06	1.300E-02	2.342E-02	
2.000E+01	9.020E-03	9.876E-07	1.371E-02	2.343E-02	
2.200E+01	8.378E-03	8.925E-07	1.437E-02	2.349E-02	
2.400E+01	7.829E-03	8.140E-07	1.496E-02	2.359E-02	
2.600E+01	7.351E-03	7.479E-07	1.550E-02	2.370E-02	
2.800E+01	6.936E-03	6.921E-07	1.601E-02	2.383E-02	
3.000E+01	6.567E-03	6.437E-07	1.647E-02	2.396E-02	
4.000E+01	5.218E-03	4.773E-07	1.837E-02	2.468E-02	
5.000E+01	4.356E-03	3.793E-07	1.979E-02	2.537E-02	
6.000E+01	3.753E-03	3.146E-07	2.091E-02	2.598E-02	
8.000E+01	2.960E-03	2.346E-07	2.258E-02	2.702E-02	
1.000E+02	2.457E-03	1.870E-07	2.378E-02	2.783E-02	
1.500E+02	1.750E-03	1.241E-07	2.573E-02	2.927E-02	
2.000E+02	1.372E-03	9.283E-08	2.692E-02	3.022E-02	
3.000E+02	9.722E-04	6.175E-08	2.834E-02	3.140E-02	
4.000E+02	7.614E-04	4.626E-08	2.917E-02	3.212E-02	
5.000E+02	6.303E-04	3.699E-08	2.972E-02	3.261E-02	
6.000E+02	5.397E-04	3.081E-08	3.012E-02	3.297E-02	
8.000E+02	4.215E-04	2.309E-08	3.065E-02	3.346E-02	
1.000E+03	3.467E-04	1.846E-08	3.100E-02	3.378E-02	
1.500E+03	2.422E-04	1.231E-08	3.151E-02	3.426E-02	
2.000E+03	1.874E-04	9.226E-09	3.179E-02	3.452E-02	
3.000E+03	1.303E-04	6.149E-09	3.209E-02	3.481E-02	
4.000E+03	1.006E-04	4.611E-09	3.225E-02	3.497E-02	
5.000E+03	8.225E-05	3.689E-09	3.236E-02	3.507E-02	
6.000E+03	6.975E-05	3.074E-09	3.242E-02	3.514E-02	
8.000E+03	5.373E-05	2.305E-09	3.252E-02	3.523E-02	
1.000E+04	4.387E-05	1.844E-09	3.257E-02	3.529E-02	
1.500E+04	3.032E-05	1.229E-09	3.266E-02	3.538E-02	
2.000E+04	2.331E-05	9.220E-10	3.271E-02	3.542E-02	
3.000E+04	1.608E-05	6.147E-10	3.275E-02	3.547E-02	
4.000E+04	1.234E-05	4.610E-10	3.278E-02	3.550E-02	
5.000E+04	1.005E-05	3.688E-10	3.279E-02	3.551E-02	
6.000E+04	8.496E-06	3.073E-10	3.280E-02	3.552E-02	
8.000E+04	6.515E-06	2.305E-10	3.282E-02	3.554E-02	
1.000E+05	5.299E-06	1.844E-10	3.282E-02	3.554E-02

